0.027416
0.028079
0.028757
0.029450
0.030158
0.030882
0.031622
0.032378
0.033150
0.033939
0.034746
0.035569
0.036411
0.037271
0.038150
0.039047
0.039963
0.040899
0.041856
0.042832
0.043829
0.044848
0.045887
0.046949
0.048033
0.049140
0.050270
0.051423
0.052601
0.053803
0.055030
0.056282
0.057560
0.058864
0.060196
0.061554
0.062940
0.064354
0.065797
0.067269
0.068771
0.070303
0.071866
0.073460
0.075086
0.076744
0.078436
0.080160
0.081919
0.083713
0.085542
0.087407
0.089308
0.091247
0.093223
0.095237
0.097291
0.099384
0.101517
0.103691
0.105907
0.108166
0.110467
0.112812
0.115201
0.117635
0.120116
0.122642
0.125217
0.127839
0.130510
0.133230
0.136001
0.138823
0.141697
0.144624
0.147604
0.150639
0.153729
0.156875
0.160078
0.163338
0.166657
0.170036
0.173475
0.176975
0.180538
0.184164
0.187853
0.191608
0.195429
0.199316
0.203271
0.207296
0.211389
0.215554
0.219790
0.224100
0.228483
0.232941
0.237474
0.242085
0.246774
0.251541
0.256389
0.261318
0.266330
0.271425
0.276604
0.281869
0.287221
0.292660
0.298189
0.303808
0.309519
0.315322
0.321219
0.327211
0.333299
0.339484
0.345768
0.352152
0.358637
0.365225
0.371916
0.378712
0.385614
0.392624
0.399742
0.406970
0.414310
0.421762
0.429329
0.437010
0.444809
0.452725
0.460761
0.468917
0.477195
0.485597
0.494124
0.502777
0.511558
0.520467
0.529507
0.538679
0.547985
0.557424
0.567000
0.576714
0.586566
0.596559
0.606694
0.616973
0.627396
0.637965
0.648682
0.659548
0.670565
0.681734
0.693057
0.704535
0.716169
0.727962
0.739914
0.752028
0.764303
0.776743
0.789349
0.802122
0.815063
0.828174
0.841457
0.854913
0.868544
0.882351
0.896335
0.910499
0.924843
0.939369
0.954078
0.968973
0.984054
0.999323
1.014782
1.030432
1.046274
1.062310
1.078542
1.094970
1.111597
1.128423
1.145451
1.162681
1.180115
1.197755
1.215601
1.233656
1.251921
1.270396
1.289084
1.307986
1.327102
1.346436
1.365987
1.385757
1.405748
1.425960
1.446396
1.467055
1.487941
1.509053
1.530393
1.551962
1.573762
1.595794
1.618058
1.640557
1.663290
1.686260
1.709466
1.732912
1.756597
1.780522
1.804689
1.829098
1.853751
1.878648
1.903791
1.929180
1.954817
1.980701
2.006835
2.033218
2.059852
2.086737
2.113875
2.141265
2.168909
2.196807
2.224960
2.253368
2.282032
2.310953
2.340132
2.369568
2.399262
2.429214
2.459426
2.489897
2.520628
2.551619
2.582870
2.614381
2.646154
2.678187
2.710482
2.743038
2.775855
2.808933
2.842273
2.875874
2.909737
2.943860
2.978245
3.012890
3.047796
3.082963
3.118389
3.154075
3.190021
3.226225
3.262688
3.299408
3.336386
3.373621
3.411112
3.448858
3.486859
3.525114
3.563622
3.602383
3.641395
3.680657
3.720169
3.759930
3.799938
3.840192
3.880691
3.921434
3.962419
4.003646
4.045113
4.086818
4.128760
4.170938
4.213350
4.255994
4.298869
4.341973
4.385304
4.428861
4.472641
4.516643
4.560864
4.605304
4.649959
4.694828
4.739908
4.785198
4.830694
4.876395
4.922299
4.968402
5.014703
5.061199
5.107887
5.154765
5.201830
5.249080
5.296511
5.344121
5.391907
5.439867
5.487996
5.536292
5.584753
5.633374
5.682154
5.731087
5.780172
5.829405
5.878783
5.928302
5.977959
6.027749
6.077671
6.127720
6.177892
6.228184
6.278591
6.329112
6.379740
6.430473
6.481306
6.532237
6.583259
6.634370
6.685566
6.736842
6.788193
6.839617
6.891108
6.942663
6.994276
7.045943
7.097661
7.149424
7.201228
7.253069
7.304941
7.356841
7.408763
7.460703
7.512656
7.564617
7.616582
7.668545
7.720502
7.772448
7.824377
7.876286
7.928168
7.980020
8.031835
8.083609
8.135336
8.187012
8.238631
8.290188
8.341677
8.393095
8.444435
8.495691
8.546860
8.597935
8.648911
8.699782
8.750544
8.801191
8.851717
8.902118
8.952387
9.002519
9.052508
9.102350
9.152039
9.201569
9.250935
9.300131
9.349152
9.397992
9.446645
9.495107
9.543372
9.591433
9.639286
9.686926
9.734345
9.781540
9.828504
9.875233
9.921719
9.967959
10.013947
10.059676
10.105142
10.150339
10.195262
10.239905
10.284263
10.328331
10.372103
10.415573
10.458737
10.501589
10.544124
10.586337
10.628221
10.669773
10.710987
10.751858
10.792380
10.832548
10.872359
10.911805
10.950883
10.989587
11.027913
11.065855
11.103409
11.140570
11.177333
11.213693
11.249645
11.285186
11.320310
11.355012
11.389289
11.423135
11.456546
11.489519
11.522047
11.554128
11.585757
11.616930
11.647642
11.677889
11.707668
11.736975
11.765805
11.794154
11.822020
11.849398
11.876284
11.902674
11.928566
11.953956
11.978840
12.003215
12.027077
12.050424
12.073252
12.095558
12.117338
12.138591
12.159313
12.179501
12.199152
12.218265
12.236835
12.254861
12.272340
12.289269
12.305647
12.321471
12.336739
12.351448
12.365597
12.379184
12.392207
12.404663
12.416552
12.427872
12.438620
12.448797
12.458399
12.467426
12.475877
12.483749
12.491044
12.497758
12.503892
12.509444
12.514414
12.518801
12.522604
12.525823
12.528457
12.530506
12.531970
12.532849
12.533141
12.532849
12.531970
12.530506
12.528457
12.525823
12.522604
12.518801
12.514414
12.509444
12.503892
12.497758
12.491044
12.483749
12.475877
12.467426
12.458399
12.448797
12.438620
12.427872
12.416552
12.404663
12.392207
12.379184
12.365597
12.351448
12.336739
12.321471
12.305647
12.289269
12.272340
12.254861
12.236835
12.218265
12.199152
12.179501
12.159313
12.138591
12.117338
12.095558
12.073252
12.050424
12.027077
12.003215
11.978840
11.953956
11.928566
11.902674
11.876284
11.849398
11.822020
11.794154
11.765805
11.736975
11.707668
11.677889
11.647642
11.616930
11.585757
11.554128
11.522047
11.489519
11.456546
11.423135
11.389289
11.355012
11.320310
11.285186
11.249645
11.213693
11.177333
11.140570
11.103409
11.065855
11.027913
10.989587
10.950883
10.911805
10.872359
10.832548
10.792380
10.751858
10.710987
10.669773
10.628221
10.586337
10.544124
10.501589
10.458737
10.415573
10.372103
10.328331
10.284263
10.239905
10.195262
10.150339
10.105142
10.059676
10.013947
9.967959
9.921719
9.875233
9.828504
9.781540
9.734345
9.686926
9.639286
9.591433
9.543372
9.495107
9.446645
9.397992
9.349152
9.300131
9.250935
9.201569
9.152039
9.102350
9.052508
9.002519
8.952387
8.902118
8.851717
8.801191
8.750544
8.699782
8.648911
8.597935
8.546860
8.495691
8.444435
8.393095
8.341677
8.290188
8.238631
8.187012
8.135336
8.083609
8.031835
7.980020
7.928168
7.876286
7.824377
7.772448
7.720502
7.668545
7.616582
7.564617
7.512656
7.460703
7.408763
7.356841
7.304941
7.253069
7.201228
7.149424
7.097661
7.045943
6.994276
6.942663
6.891108
6.839617
6.788193
6.736842
6.685566
6.634370
6.583259
6.532237
6.481306
6.430473
6.379740
6.329112
6.278591
6.228184
6.177892
6.127720
6.077671
6.027749
5.977959
5.928302
5.878783
5.829405
5.780172
5.731087
5.682154
5.633374
5.584753
5.536292
5.487996
5.439867
5.391907
5.344121
5.296511
5.249080
5.201830
5.154765
5.107887
5.061199
5.014703
4.968402
4.922299
4.876395
4.830694
4.785198
4.739908
4.694828
4.649959
4.605304
4.560864
4.516643
4.472641
4.428861
4.385304
4.341973
4.298869
4.255994
4.213350
4.170938
4.128760
4.086818
4.045113
4.003646
3.962419
3.921434
3.880691
3.840192
3.799938
3.759930
3.720169
3.680657
3.641395
3.602383
3.563622
3.525114
3.486859
3.448858
3.411112
3.373621
3.336386
3.299408
3.262688
3.226225
3.190021
3.154075
3.118389
3.082963
3.047796
3.012890
2.978245
2.943860
2.909737
2.875874
2.842273
2.808933
2.775855
2.743038
2.710482
2.678187
2.646154
2.614381
2.582870
2.551619
2.520628
2.489897
2.459426
2.429214
2.399262
2.369568
2.340132
2.310953
2.282032
2.253368
2.224960
2.196807
2.168909
2.141265
2.113875
2.086737
2.059852
2.033218
2.006835
1.980701
1.954817
1.929180
1.903791
1.878648
1.853751
1.829098
1.804689
1.780522
1.756597
1.732912
1.709466
1.686260
1.663290
1.640557
1.618058
1.595794
1.573762
1.551962
1.530393
1.509053
1.487941
1.467055
1.446396
1.425960
1.405748
1.385757
1.365987
1.346436
1.327102
1.307986
1.289084
1.270396
1.251921
1.233656
1.215601
1.197755
1.180115
1.162681
1.145451
1.128423
1.111597
1.094970
1.078542
1.062310
1.046274
1.030432
1.014782
0.999323
0.984054
0.968973
0.954078
0.939369
0.924843
0.910499
0.896335
0.882351
0.868544
0.854913
0.841457
0.828174
0.815063
0.802122
0.789349
0.776743
0.764303
0.752028
0.739914
0.727962
0.716169
0.704535
0.693057
0.681734
0.670565
0.659548
0.648682
0.637965
0.627396
0.616973
0.606694
0.596559
0.586566
0.576714
0.567000
0.557424
0.547985
0.538679
0.529507
0.520467
0.511558
0.502777
0.494124
0.485597
0.477195
0.468917
0.460761
0.452725
0.444809
0.437010
0.429329
0.421762
0.414310
0.406970
0.399742
0.392624
0.385614
0.378712
0.371916
0.365225
0.358637
0.352152
0.345768
0.339484
0.333299
0.327211
0.321219
0.315322
0.309519
0.303808
0.298189
0.292660
0.287221
0.281869
0.276604
0.271425
0.266330
0.261318
0.256389
0.251541
0.246774
0.242085
0.237474
0.232941
0.228483
0.224100
0.219790
0.215554
0.211389
0.207296
0.203271
0.199316
0.195429
0.191608
0.187853
0.184164
0.180538
0.176975
0.173475
0.170036
0.166657
0.163338
0.160078
0.156875
0.153729
0.150639
0.147604
0.144624
0.141697
0.138823
0.136001
0.133230
0.130510
0.127839
0.125217
0.122642
0.120116
0.117635
0.115201
0.112812
0.110467
0.108166
0.105907
0.103691
0.101517
0.099384
0.097291
0.095237
0.093223
0.091247
0.089308
0.087407
0.085542
0.083713
0.081919
0.080160
0.078436
0.076744
0.075086
0.073460
0.071866
0.070303
0.068771
0.067269
0.065797
0.064354
0.062940
0.061554
0.060196
0.058864
0.057560
0.056282
0.055030
0.053803
0.052601
0.051423
0.050270
0.049140
0.048033
0.046949
0.045887
0.044848
0.043829
0.042832
0.041856
0.040899
0.039963
0.039047
0.038150
0.037271
0.036411
0.035569
0.034746
0.033939
0.033150
0.032378
0.031622
0.030882
0.030158
0.029450
0.028757
0.028079
