0.036740
0.037905
0.039105
0.040340
0.041611
0.042920
0.044268
0.045655
0.047083
0.048552
0.050064
0.051621
0.053222
0.054869
0.056564
0.058308
0.060102
0.061948
0.063846
0.065798
0.067806
0.069871
0.071995
0.074178
0.076423
0.078731
0.081104
0.083543
0.086051
0.088628
0.091277
0.093999
0.096797
0.099671
0.102625
0.105660
0.108778
0.111981
0.115272
0.118652
0.122124
0.125689
0.129351
0.133111
0.136972
0.140937
0.145008
0.149187
0.153477
0.157881
0.162401
0.167040
0.171802
0.176688
0.181703
0.186848
0.192127
0.197544
0.203100
0.208801
0.214648
0.220645
0.226796
0.233105
0.239574
0.246208
0.253009
0.259983
0.267133
0.274463
0.281977
0.289679
0.297573
0.305663
0.313954
0.322451
0.331157
0.340077
0.349217
0.358580
0.368172
0.377997
0.388061
0.398368
0.408924
0.419734
0.430804
0.442139
0.453744
0.465626
0.477789
0.490240
0.502985
0.516030
0.529381
0.543044
0.557026
0.571333
0.585971
0.600948
0.616270
0.631945
0.647978
0.664378
0.681151
0.698304
0.715847
0.733785
0.752126
0.770880
0.790052
0.809652
0.829687
0.850167
0.871099
0.892491
0.914353
0.936694
0.959522
0.982846
1.006675
1.031020
1.055889
1.081291
1.107237
1.133737
1.160800
1.188436
1.216656
1.245470
1.274889
1.304923
1.335583
1.366880
1.398825
1.431429
1.464704
1.498661
1.533311
1.568667
1.604740
1.641542
1.679086
1.717384
1.756448
1.796291
1.836926
1.878365
1.920622
1.963710
2.007642
2.052431
2.098091
2.144637
2.192081
2.240438
2.289722
2.339947
2.391128
2.443280
2.496416
2.550553
2.605704
2.661886
2.719112
2.777400
2.836764
2.897220
2.958783
3.021471
3.085298
3.150281
3.216437
3.283781
3.352331
3.422103
3.493114
3.565381
3.638921
3.713751
3.789889
3.867351
3.946156
4.026321
4.107864
4.190802
4.275154
4.360937
4.448171
4.536872
4.627060
4.718753
4.811968
4.906726
5.003045
5.100943
5.200439
5.301552
5.404301
5.508705
5.614784
5.722556
5.832041
5.943257
6.056225
6.170964
6.287492
6.405830
6.525997
6.648012
6.771896
6.897666
7.025344
7.154949
7.286499
7.420016
7.555518
7.693024
7.832556
7.974131
8.117770
8.263492
8.411316
8.561262
8.713349
8.867597
9.024025
9.182651
9.343496
9.506578
9.671915
9.839528
10.009435
10.181654
10.356204
10.533103
10.712371
10.894024
11.078082
11.264562
11.453481
11.644859
11.838712
12.035057
12.233911
12.435293
12.639218
12.845703
13.054764
13.266418
13.480681
13.697568
13.917095
14.139278
14.364131
14.591669
14.821906
15.054858
15.290538
15.528959
15.770135
16.014080
16.260805
16.510324
16.762649
17.017791
17.275762
17.536574
17.800236
18.066760
18.336155
18.608432
18.883599
19.161665
19.442639
19.726529
20.013343
20.303088
20.595770
20.891397
21.189973
21.491505
21.795998
22.103455
22.413881
22.727280
23.043654
23.363006
23.685339
24.010653
24.338949
24.670229
25.004491
25.341736
25.681962
26.025166
26.371348
26.720504
27.072630
27.427722
27.785775
28.146785
28.510745
28.877649
29.247490
29.620259
29.995948
30.374548
30.756050
31.140442
31.527715
31.917855
32.310851
32.706690
33.105357
33.506839
33.911119
34.318183
34.728014
35.140594
35.555905
35.973929
36.394646
36.818036
37.244078
37.672751
38.104032
38.537898
38.974326
39.413290
39.854766
40.298727
40.745146
41.193996
41.645249
42.098876
42.554846
43.013130
43.473695
43.936511
44.401543
44.868758
45.338123
45.809601
46.283157
46.758755
47.236357
47.715924
48.197419
48.680800
49.166029
49.653064
50.141863
50.632383
51.124581
51.618414
52.113835
52.610800
53.109263
53.609177
54.110493
54.613164
55.117140
55.622372
56.128809
56.636401
57.145094
57.654838
58.165578
58.677262
59.189834
59.703239
60.217422
60.732326
61.247895
61.764071
62.280796
62.798010
63.315655
63.833671
64.351997
64.870572
65.389335
65.908224
66.427176
66.946127
67.465015
67.983776
68.502344
69.020655
69.538643
70.056242
70.573387
71.090010
71.606044
72.121422
72.636076
73.149938
73.662938
74.175009
74.686081
75.196085
75.704950
76.212607
76.718986
77.224016
77.727626
78.229745
78.730303
79.229227
79.726447
80.221891
80.715487
81.207163
81.696848
82.184470
82.669956
83.153234
83.634233
84.112880
84.589104
85.062832
85.533992
86.002512
86.468321
86.931347
87.391519
87.848764
88.303012
88.754191
89.202231
89.647061
90.088610
90.526809
90.961587
91.392875
91.820604
92.244704
92.665106
93.081744
93.494548
93.903451
94.308386
94.709286
95.106086
95.498719
95.887121
96.271226
96.650970
97.026290
97.397123
97.763406
98.125077
98.482075
98.834340
99.181810
99.524428
99.862134
100.194870
100.522579
100.845205
101.162691
101.474983
101.782027
102.083769
102.380157
102.671138
102.956663
103.236680
103.511140
103.779996
104.043200
104.300705
104.552466
104.798437
105.038577
105.272841
105.501188
105.723577
105.939969
106.150324
106.354606
106.552777
106.744802
106.930647
107.110277
107.283661
107.450767
107.611565
107.766025
107.914121
108.055825
108.191111
108.319956
108.442334
108.558225
108.667607
108.770460
108.866765
108.956506
109.039665
109.116227
109.186179
109.249507
109.306200
109.356248
109.399641
109.436372
109.466434
109.489821
109.506529
109.516555
109.519897
109.516555
109.506529
109.489821
109.466434
109.436372
109.399641
109.356248
109.306200
109.249507
109.186179
109.116227
109.039665
108.956506
108.866765
108.770460
108.667607
108.558225
108.442334
108.319956
108.191111
108.055825
107.914121
107.766025
107.611565
107.450767
107.283661
107.110277
106.930647
106.744802
106.552777
106.354606
106.150324
105.939969
105.723577
105.501188
105.272841
105.038577
104.798437
104.552466
104.300705
104.043200
103.779996
103.511140
103.236680
102.956663
102.671138
102.380157
102.083769
101.782027
101.474983
101.162691
100.845205
100.522579
100.194870
99.862134
99.524428
99.181810
98.834340
98.482075
98.125077
97.763406
97.397123
97.026290
96.650970
96.271226
95.887121
95.498719
95.106086
94.709286
94.308386
93.903451
93.494548
93.081744
92.665106
92.244704
91.820604
91.392875
90.961587
90.526809
90.088610
89.647061
89.202231
88.754191
88.303012
87.848764
87.391519
86.931347
86.468321
86.002512
85.533992
85.062832
84.589104
84.112880
83.634233
83.153234
82.669956
82.184470
81.696848
81.207163
80.715487
80.221891
79.726447
79.229227
78.730303
78.229745
77.727626
77.224016
76.718986
76.212607
75.704950
75.196085
74.686081
74.175009
73.662938
73.149938
72.636076
72.121422
71.606044
71.090010
70.573387
70.056242
69.538643
69.020655
68.502344
67.983776
67.465015
66.946127
66.427176
65.908224
65.389335
64.870572
64.351997
63.833671
63.315655
62.798010
62.280796
61.764071
61.247895
60.732326
60.217422
59.703239
59.189834
58.677262
58.165578
57.654838
57.145094
56.636401
56.128809
55.622372
55.117140
54.613164
54.110493
53.609177
53.109263
52.610800
52.113835
51.618414
51.124581
50.632383
50.141863
49.653064
49.166029
48.680800
48.197419
47.715924
47.236357
46.758755
46.283157
45.809601
45.338123
44.868758
44.401543
43.936511
43.473695
43.013130
42.554846
42.098876
41.645249
41.193996
40.745146
40.298727
39.854766
39.413290
38.974326
38.537898
38.104032
37.672751
37.244078
36.818036
36.394646
35.973929
35.555905
35.140594
34.728014
34.318183
33.911119
33.506839
33.105357
32.706690
32.310851
31.917855
31.527715
31.140442
30.756050
30.374548
29.995948
29.620259
29.247490
28.877649
28.510745
28.146785
27.785775
27.427722
27.072630
26.720504
26.371348
26.025166
25.681962
25.341736
25.004491
24.670229
24.338949
24.010653
23.685339
23.363006
23.043654
22.727280
22.413881
22.103455
21.795998
21.491505
21.189973
20.891397
20.595770
20.303088
20.013343
19.726529
19.442639
19.161665
18.883599
18.608432
18.336155
18.066760
17.800236
17.536574
17.275762
17.017791
16.762649
16.510324
16.260805
16.014080
15.770135
15.528959
15.290538
15.054858
14.821906
14.591669
14.364131
14.139278
13.917095
13.697568
13.480681
13.266418
13.054764
12.845703
12.639218
12.435293
12.233911
12.035057
11.838712
11.644859
11.453481
11.264562
11.078082
10.894024
10.712371
10.533103
10.356204
10.181654
10.009435
9.839528
9.671915
9.506578
9.343496
9.182651
9.024025
8.867597
8.713349
8.561262
8.411316
8.263492
8.117770
7.974131
7.832556
7.693024
7.555518
7.420016
7.286499
7.154949
7.025344
6.897666
6.771896
6.648012
6.525997
6.405830
6.287492
6.170964
6.056225
5.943257
5.832041
5.722556
5.614784
5.508705
5.404301
5.301552
5.200439
5.100943
5.003045
4.906726
4.811968
4.718753
4.627060
4.536872
4.448171
4.360937
4.275154
4.190802
4.107864
4.026321
3.946156
3.867351
3.789889
3.713751
3.638921
3.565381
3.493114
3.422103
3.352331
3.283781
3.216437
3.150281
3.085298
3.021471
2.958783
2.897220
2.836764
2.777400
2.719112
2.661886
2.605704
2.550553
2.496416
2.443280
2.391128
2.339947
2.289722
2.240438
2.192081
2.144637
2.098091
2.052431
2.007642
1.963710
1.920622
1.878365
1.836926
1.796291
1.756448
1.717384
1.679086
1.641542
1.604740
1.568667
1.533311
1.498661
1.464704
1.431429
1.398825
1.366880
1.335583
1.304923
1.274889
1.245470
1.216656
1.188436
1.160800
1.133737
1.107237
1.081291
1.055889
1.031020
1.006675
0.982846
0.959522
0.936694
0.914353
0.892491
0.871099
0.850167
0.829687
0.809652
0.790052
0.770880
0.752126
0.733785
0.715847
0.698304
0.681151
0.664378
0.647978
0.631945
0.616270
0.600948
0.585971
0.571333
0.557026
0.543044
0.529381
0.516030
0.502985
0.490240
0.477789
0.465626
0.453744
0.442139
0.430804
0.419734
0.408924
0.398368
0.388061
0.377997
0.368172
0.358580
0.349217
0.340077
0.331157
0.322451
0.313954
0.305663
0.297573
0.289679
0.281977
0.274463
0.267133
0.259983
0.253009
0.246208
0.239574
0.233105
0.226796
0.220645
0.214648
0.208801
0.203100
0.197544
0.192127
0.186848
0.181703
0.176688
0.171802
0.167040
0.162401
0.157881
0.153477
0.149187
0.145008
0.140937
0.136972
0.133111
0.129351
0.125689
0.122124
0.118652
0.115272
0.111981
0.108778
0.105660
0.102625
0.099671
0.096797
0.093999
0.091277
0.088628
0.086051
0.083543
0.081104
0.078731
0.076423
0.074178
0.071995
0.069871
0.067806
0.065798
0.063846
0.061948
0.060102
0.058308
0.056564
0.054869
0.053222
0.051621
0.050064
0.048552
0.047083
0.045655
0.044268
0.042920
0.041611
0.040340
0.039105
0.037905
