4593.562956
-3073.890010
915.588661
-123.864389
6.139072
-1.099633
-0.708522
-0.565020
-0.455996
-0.373784
-0.310914
-0.262087
-0.223580
-0.192770
-0.167786
-0.147278
-0.130257
-0.115987
-0.103913
-0.093613
-0.084758
-0.077093
-0.070416
-0.064565
-0.059411
-0.054847
-0.050788
-0.047161
-0.043909
-0.040981
-0.038336
-0.035938
-0.033759
-0.031771
-0.029955
-0.028289
-0.026759
-0.025350
-0.024050
-0.022847
-0.021732
-0.020697
-0.019735
-0.018838
-0.018002
-0.017220
-0.016488
-0.015802
-0.015158
-0.014553
-0.013984
-0.013448
-0.012942
-0.012464
-0.012013
-0.011585
-0.011181
-0.010797
-0.010433
-0.010087
-0.009758
-0.009446
-0.009148
-0.008864
-0.008593
-0.008335
-0.008089
-0.007853
-0.007627
-0.007412
-0.007205
-0.007007
-0.006817
-0.006635
-0.006460
-0.006293
-0.006131
-0.005976
-0.005827
-0.005684
-0.005545
-0.005412
-0.005284
-0.005160
-0.005041
-0.004926
-0.004815
-0.004708
-0.004604
-0.004504
-0.004407
-0.004313
-0.004222
-0.004135
-0.004050
-0.003967
-0.003887
-0.003810
-0.003735
-0.003662
-0.003592
-0.003523
-0.003457
-0.003392
-0.003330
-0.003269
-0.003210
-0.003152
-0.003096
-0.003042
-0.002989
-0.002937
-0.002887
-0.002838
-0.002791
-0.002745
-0.002700
-0.002656
-0.002613
-0.002571
-0.002530
-0.002491
-0.002452
-0.002414
-0.002377
-0.002341
-0.002306
-0.002272
-0.002238
-0.002205
-0.002173
-0.002142
-0.002112
-0.002082
-0.002052
-0.002024
-0.001996
-0.001969
-0.001942
-0.001916
-0.001890
-0.001865
-0.001841
-0.001817
-0.001793
-0.001770
-0.001748
-0.001726
-0.001704
-0.001683
-0.001662
-0.001642
-0.001622
-0.001602
-0.001583
-0.001564
-0.001546
-0.001528
-0.001510
-0.001492
-0.001475
-0.001459
-0.001442
-0.001426
-0.001410
-0.001395
-0.001379
-0.001364
-0.001349
-0.001335
-0.001321
-0.001307
-0.001293
-0.001280
-0.001266
-0.001253
-0.001240
-0.001228
-0.001216
-0.001203
-0.001191
-0.001180
-0.001168
-0.001157
-0.001146
-0.001135
-0.001124
-0.001113
-0.001103
-0.001092
-0.001082
-0.001072
-0.001062
-0.001053
-0.001043
-0.001034
-0.001024
-0.001015
-0.001006
-0.000998
-0.000989
-0.000980
-0.000972
-0.000964
-0.000956
-0.000947
-0.000940
-0.000932
-0.000924
-0.000916
-0.000909
-0.000902
-0.000894
-0.000887
-0.000880
-0.000873
-0.000866
-0.000860
-0.000853
-0.000846
-0.000840
-0.000833
-0.000827
-0.000821
-0.000815
-0.000809
-0.000803
-0.000797
-0.000791
-0.000785
-0.000780
-0.000774
-0.000769
-0.000763
-0.000758
-0.000753
-0.000747
-0.000742
-0.000737
-0.000732
-0.000727
-0.000722
-0.000717
-0.000713
-0.000708
-0.000703
-0.000699
-0.000694
-0.000690
-0.000685
-0.000681
-0.000677
-0.000672
-0.000668
-0.000664
-0.000660
-0.000656
-0.000652
-0.000648
-0.000644
-0.000640
-0.000636
-0.000633
-0.000629
-0.000625
-0.000622
-0.000618
-0.000614
-0.000611
-0.000607
-0.000604
-0.000601
-0.000597
-0.000594
-0.000591
-0.000588
-0.000584
-0.000581
-0.000578
-0.000575
-0.000572
-0.000569
-0.000566
-0.000563
-0.000560
-0.000557
-0.000554
-0.000552
-0.000549
-0.000546
-0.000543
-0.000541
-0.000538
-0.000535
-0.000533
-0.000530
-0.000528
-0.000525
-0.000523
-0.000520
-0.000518
-0.000515
-0.000513
-0.000511
-0.000508
-0.000506
-0.000504
-0.000502
-0.000499
-0.000497
-0.000495
-0.000493
-0.000491
-0.000489
-0.000486
-0.000484
-0.000482
-0.000480
-0.000478
-0.000476
-0.000474
-0.000472
-0.000471
-0.000469
-0.000467
-0.000465
-0.000463
-0.000461
-0.000459
-0.000458
-0.000456
-0.000454
-0.000452
-0.000451
-0.000449
-0.000447
-0.000446
-0.000444
-0.000443
-0.000441
-0.000439
-0.000438
-0.000436
-0.000435
-0.000433
-0.000432
-0.000430
-0.000429
-0.000427
-0.000426
-0.000424
-0.000423
-0.000422
-0.000420
-0.000419
-0.000418
-0.000416
-0.000415
-0.000414
-0.000412
-0.000411
-0.000410
-0.000409
-0.000407
-0.000406
-0.000405
-0.000404
-0.000402
-0.000401
-0.000400
-0.000399
-0.000398
-0.000397
-0.000396
-0.000395
-0.000393
-0.000392
-0.000391
-0.000390
-0.000389
-0.000388
-0.000387
-0.000386
-0.000385
-0.000384
-0.000383
-0.000382
-0.000381
-0.000380
-0.000379
-0.000379
-0.000378
-0.000377
-0.000376
-0.000375
-0.000374
-0.000373
-0.000372
-0.000372
-0.000371
-0.000370
-0.000369
-0.000368
-0.000368
-0.000367
-0.000366
-0.000365
-0.000364
-0.000364
-0.000363
-0.000362
-0.000362
-0.000361
-0.000360
-0.000359
-0.000359
-0.000358
-0.000357
-0.000357
-0.000356
-0.000356
-0.000355
-0.000354
-0.000354
-0.000353
-0.000352
-0.000352
-0.000351
-0.000351
-0.000350
-0.000350
-0.000349
-0.000349
-0.000348
-0.000347
-0.000347
-0.000346
-0.000346
-0.000345
-0.000345
-0.000345
-0.000344
-0.000344
-0.000343
-0.000343
-0.000342
-0.000342
-0.000341
-0.000341
-0.000341
-0.000340
-0.000340
-0.000339
-0.000339
-0.000339
-0.000338
-0.000338
-0.000337
-0.000337
-0.000337
-0.000336
-0.000336
-0.000336
-0.000335
-0.000335
-0.000335
-0.000335
-0.000334
-0.000334
-0.000334
-0.000333
-0.000333
-0.000333
-0.000333
-0.000332
-0.000332
-0.000332
-0.000332
-0.000332
-0.000331
-0.000331
-0.000331
-0.000331
-0.000331
-0.000330
-0.000330
-0.000330
-0.000330
-0.000330
-0.000330
-0.000329
-0.000329
-0.000329
-0.000329
-0.000329
-0.000329
-0.000329
-0.000329
-0.000329
-0.000328
-0.000328
-0.000328
-0.000328
-0.000328
-0.000328
-0.000328
-0.000328
-0.000328
-0.000328
-0.000328
-0.000328
-0.000328
-0.000328
-0.000328
-0.000328
-0.000328
-0.000328
-0.000328
-0.000328
-0.000328
-0.000328
-0.000328
-0.000328
-0.000328
-0.000328
-0.000328
-0.000329
-0.000329
-0.000329
-0.000329
-0.000329
-0.000329
-0.000329
-0.000329
-0.000329
-0.000330
-0.000330
-0.000330
-0.000330
-0.000330
-0.000330
-0.000331
-0.000331
-0.000331
-0.000331
-0.000331
-0.000332
-0.000332
-0.000332
-0.000332
-0.000332
-0.000333
-0.000333
-0.000333
-0.000333
-0.000334
-0.000334
-0.000334
-0.000335
-0.000335
-0.000335
-0.000335
-0.000336
-0.000336
-0.000336
-0.000337
-0.000337
-0.000337
-0.000338
-0.000338
-0.000339
-0.000339
-0.000339
-0.000340
-0.000340
-0.000341
-0.000341
-0.000341
-0.000342
-0.000342
-0.000343
-0.000343
-0.000344
-0.000344
-0.000345
-0.000345
-0.000345
-0.000346
-0.000346
-0.000347
-0.000347
-0.000348
-0.000349
-0.000349
-0.000350
-0.000350
-0.000351
-0.000351
-0.000352
-0.000352
-0.000353
-0.000354
-0.000354
-0.000355
-0.000356
-0.000356
-0.000357
-0.000357
-0.000358
-0.000359
-0.000359
-0.000360
-0.000361
-0.000362
-0.000362
-0.000363
-0.000364
-0.000364
-0.000365
-0.000366
-0.000367
-0.000368
-0.000368
-0.000369
-0.000370
-0.000371
-0.000372
-0.000372
-0.000373
-0.000374
-0.000375
-0.000376
-0.000377
-0.000378
-0.000379
-0.000379
-0.000380
-0.000381
-0.000382
-0.000383
-0.000384
-0.000385
-0.000386
-0.000387
-0.000388
-0.000389
-0.000390
-0.000391
-0.000392
-0.000393
-0.000395
-0.000396
-0.000397
-0.000398
-0.000399
-0.000400
-0.000401
-0.000402
-0.000404
-0.000405
-0.000406
-0.000407
-0.000409
-0.000410
-0.000411
-0.000412
-0.000414
-0.000415
-0.000416
-0.000418
-0.000419
-0.000420
-0.000422
-0.000423
-0.000424
-0.000426
-0.000427
-0.000429
-0.000430
-0.000432
-0.000433
-0.000435
-0.000436
-0.000438
-0.000439
-0.000441
-0.000443
-0.000444
-0.000446
-0.000447
-0.000449
-0.000451
-0.000452
-0.000454
-0.000456
-0.000458
-0.000459
-0.000461
-0.000463
-0.000465
-0.000467
-0.000469
-0.000471
-0.000472
-0.000474
-0.000476
-0.000478
-0.000480
-0.000482
-0.000484
-0.000486
-0.000489
-0.000491
-0.000493
-0.000495
-0.000497
-0.000499
-0.000502
-0.000504
-0.000506
-0.000508
-0.000511
-0.000513
-0.000515
-0.000518
-0.000520
-0.000523
-0.000525
-0.000528
-0.000530
-0.000533
-0.000535
-0.000538
-0.000541
-0.000543
-0.000546
-0.000549
-0.000552
-0.000554
-0.000557
-0.000560
-0.000563
-0.000566
-0.000569
-0.000572
-0.000575
-0.000578
-0.000581
-0.000584
-0.000588
-0.000591
-0.000594
-0.000597
-0.000601
-0.000604
-0.000607
-0.000611
-0.000614
-0.000618
-0.000622
-0.000625
-0.000629
-0.000633
-0.000636
-0.000640
-0.000644
-0.000648
-0.000652
-0.000656
-0.000660
-0.000664
-0.000668
-0.000672
-0.000677
-0.000681
-0.000685
-0.000690
-0.000694
-0.000699
-0.000703
-0.000708
-0.000713
-0.000717
-0.000722
-0.000727
-0.000732
-0.000737
-0.000742
-0.000747
-0.000753
-0.000758
-0.000763
-0.000769
-0.000774
-0.000780
-0.000785
-0.000791
-0.000797
-0.000803
-0.000809
-0.000815
-0.000821
-0.000827
-0.000833
-0.000840
-0.000846
-0.000853
-0.000860
-0.000866
-0.000873
-0.000880
-0.000887
-0.000894
-0.000902
-0.000909
-0.000916
-0.000924
-0.000932
-0.000940
-0.000947
-0.000956
-0.000964
-0.000972
-0.000980
-0.000989
-0.000998
-0.001006
-0.001015
-0.001024
-0.001034
-0.001043
-0.001053
-0.001062
-0.001072
-0.001082
-0.001092
-0.001103
-0.001113
-0.001124
-0.001135
-0.001146
-0.001157
-0.001168
-0.001180
-0.001191
-0.001203
-0.001216
-0.001228
-0.001240
-0.001253
-0.001266
-0.001280
-0.001293
-0.001307
-0.001321
-0.001335
-0.001349
-0.001364
-0.001379
-0.001395
-0.001410
-0.001426
-0.001442
-0.001459
-0.001475
-0.001492
-0.001510
-0.001528
-0.001546
-0.001564
-0.001583
-0.001602
-0.001622
-0.001642
-0.001662
-0.001683
-0.001704
-0.001726
-0.001748
-0.001770
-0.001793
-0.001817
-0.001841
-0.001865
-0.001890
-0.001916
-0.001942
-0.001969
-0.001996
-0.002024
-0.002052
-0.002082
-0.002112
-0.002142
-0.002173
-0.002205
-0.002238
-0.002272
-0.002306
-0.002341
-0.002377
-0.002414
-0.002452
-0.002491
-0.002530
-0.002571
-0.002613
-0.002656
-0.002700
-0.002745
-0.002791
-0.002838
-0.002887
-0.002937
-0.002989
-0.003042
-0.003096
-0.003152
-0.003210
-0.003269
-0.003330
-0.003392
-0.003457
-0.003523
-0.003592
-0.003662
-0.003735
-0.003810
-0.003887
-0.003967
-0.004050
-0.004135
-0.004222
-0.004313
-0.004407
-0.004504
-0.004604
-0.004708
-0.004815
-0.004926
-0.005041
-0.005160
-0.005284
-0.005412
-0.005545
-0.005684
-0.005827
-0.005976
-0.006131
-0.006293
-0.006460
-0.006635
-0.006817
-0.007007
-0.007205
-0.007412
-0.007627
-0.007853
-0.008089
-0.008335
-0.008593
-0.008864
-0.009148
-0.009446
-0.009758
-0.010087
-0.010433
-0.010797
-0.011181
-0.011585
-0.012013
-0.012464
-0.012942
-0.013448
-0.013984
-0.014553
-0.015158
-0.015802
-0.016488
-0.017220
-0.018002
-0.018838
-0.019735
-0.020697
-0.021732
-0.022847
-0.024050
-0.025350
-0.026759
-0.028289
-0.029955
-0.031771
-0.033759
-0.035938
-0.038336
-0.040981
-0.043909
-0.047161
-0.050788
-0.054847
-0.059411
-0.064565
-0.070416
-0.077093
-0.084758
-0.093613
-0.103913
-0.115987
-0.130257
-0.147278
-0.167786
-0.192770
-0.223580
-0.262087
-0.310914
-0.373784
-0.455996
-0.565020
-0.708522
-1.099633
6.139072
-123.864389
915.588661
-3073.890010
